(kicad_pcb (version 20171130) (host pcbnew 5.1.5+dfsg1-2build2)

  (general
    (thickness 1.6)
    (drawings 0)
    (tracks 45)
    (zones 0)
    (modules 17)
    (nets 14)
  )

  (page A4)
  (layers
    (0 F.Cu signal)
    (31 B.Cu signal)
    (32 B.Adhes user)
    (33 F.Adhes user)
    (34 B.Paste user)
    (35 F.Paste user)
    (36 B.SilkS user)
    (37 F.SilkS user)
    (38 B.Mask user)
    (39 F.Mask user)
    (40 Dwgs.User user)
    (41 Cmts.User user)
    (42 Eco1.User user)
    (43 Eco2.User user)
    (44 Edge.Cuts user)
    (45 Margin user)
    (46 B.CrtYd user)
    (47 F.CrtYd user)
    (48 B.Fab user)
    (49 F.Fab user)
  )

  (setup
    (last_trace_width 0.8)
    (trace_clearance 0.5)
    (zone_clearance 0.508)
    (zone_45_only no)
    (trace_min 0.2)
    (via_size 0.8)
    (via_drill 0.4)
    (via_min_size 0.4)
    (via_min_drill 0.3)
    (uvia_size 0.3)
    (uvia_drill 0.1)
    (uvias_allowed no)
    (uvia_min_size 0.2)
    (uvia_min_drill 0.1)
    (edge_width 0.05)
    (segment_width 0.2)
    (pcb_text_width 0.3)
    (pcb_text_size 1.5 1.5)
    (mod_edge_width 0.12)
    (mod_text_size 1 1)
    (mod_text_width 0.15)
    (pad_size 1.524 1.524)
    (pad_drill 0.762)
    (pad_to_mask_clearance 0.051)
    (solder_mask_min_width 0.25)
    (aux_axis_origin 0 0)
    (visible_elements FFFFFF7F)
    (pcbplotparams
      (layerselection 0x010fc_ffffffff)
      (usegerberextensions false)
      (usegerberattributes false)
      (usegerberadvancedattributes false)
      (creategerberjobfile false)
      (excludeedgelayer true)
      (linewidth 0.100000)
      (plotframeref false)
      (viasonmask false)
      (mode 1)
      (useauxorigin false)
      (hpglpennumber 1)
      (hpglpenspeed 20)
      (hpglpendiameter 15.000000)
      (psnegative false)
      (psa4output false)
      (plotreference true)
      (plotvalue true)
      (plotinvisibletext false)
      (padsonsilk false)
      (subtractmaskfromsilk false)
      (outputformat 1)
      (mirror false)
      (drillshape 1)
      (scaleselection 1)
      (outputdirectory ""))
  )

  (net 0 "")
  (net 1 GND)
  (net 2 "Net-(D1-Pad2)")
  (net 3 "Net-(D2-Pad2)")
  (net 4 "Net-(D3-Pad2)")
  (net 5 "Net-(D4-Pad2)")
  (net 6 "Net-(D5-Pad2)")
  (net 7 "Net-(D6-Pad2)")
  (net 8 "Net-(D10-Pad1)")
  (net 9 "Net-(D8-Pad2)")
  (net 10 "Net-(D9-Pad2)")
  (net 11 "Net-(D10-Pad2)")
  (net 12 /BrakesLights)
  (net 13 /ParkerLights)

  (net_class Default "This is the default net class."
    (clearance 0.5)
    (trace_width 0.8)
    (via_dia 0.8)
    (via_drill 0.4)
    (uvia_dia 0.3)
    (uvia_drill 0.1)
    (add_net /BrakesLights)
    (add_net /ParkerLights)
    (add_net GND)
    (add_net "Net-(D1-Pad2)")
    (add_net "Net-(D10-Pad1)")
    (add_net "Net-(D10-Pad2)")
    (add_net "Net-(D2-Pad2)")
    (add_net "Net-(D3-Pad2)")
    (add_net "Net-(D4-Pad2)")
    (add_net "Net-(D5-Pad2)")
    (add_net "Net-(D6-Pad2)")
    (add_net "Net-(D8-Pad2)")
    (add_net "Net-(D9-Pad2)")
  )

  (module Connector_Wire:SolderWirePad_1x01_Drill0.8mm (layer F.Cu) (tedit 5A2676A0) (tstamp 62AD8550)
    (at 154 93.8)
    (descr "Wire solder connection")
    (tags connector)
    (attr virtual)
    (fp_text reference REF** (at 0 -2.54) (layer F.SilkS)
      (effects (font (size 1 1) (thickness 0.15)))
    )
    (fp_text value SolderWirePad_1x01_Drill0.8mm (at 0 2.54) (layer F.Fab)
      (effects (font (size 1 1) (thickness 0.15)))
    )
    (fp_line (start 1.5 1.5) (end -1.5 1.5) (layer F.CrtYd) (width 0.05))
    (fp_line (start 1.5 1.5) (end 1.5 -1.5) (layer F.CrtYd) (width 0.05))
    (fp_line (start -1.5 -1.5) (end -1.5 1.5) (layer F.CrtYd) (width 0.05))
    (fp_line (start -1.5 -1.5) (end 1.5 -1.5) (layer F.CrtYd) (width 0.05))
    (fp_text user %R (at 0 0) (layer F.Fab)
      (effects (font (size 1 1) (thickness 0.15)))
    )
    (pad 1 thru_hole circle (at 0 0) (size 1.99898 1.99898) (drill 0.8001) (layers *.Cu *.Mask))
  )

  (module Connector_Wire:SolderWirePad_1x01_Drill0.8mm (layer F.Cu) (tedit 5A2676A0) (tstamp 62AD8534)
    (at 153.7 89.65)
    (descr "Wire solder connection")
    (tags connector)
    (attr virtual)
    (fp_text reference REF** (at 0 -2.54) (layer F.SilkS)
      (effects (font (size 1 1) (thickness 0.15)))
    )
    (fp_text value SolderWirePad_1x01_Drill0.8mm (at 0 2.54) (layer F.Fab)
      (effects (font (size 1 1) (thickness 0.15)))
    )
    (fp_line (start 1.5 1.5) (end -1.5 1.5) (layer F.CrtYd) (width 0.05))
    (fp_line (start 1.5 1.5) (end 1.5 -1.5) (layer F.CrtYd) (width 0.05))
    (fp_line (start -1.5 -1.5) (end -1.5 1.5) (layer F.CrtYd) (width 0.05))
    (fp_line (start -1.5 -1.5) (end 1.5 -1.5) (layer F.CrtYd) (width 0.05))
    (fp_text user %R (at 0 0) (layer F.Fab)
      (effects (font (size 1 1) (thickness 0.15)))
    )
    (pad 1 thru_hole circle (at 0 0) (size 1.99898 1.99898) (drill 0.8001) (layers *.Cu *.Mask))
  )

  (module LED_SMD:LED_PLCC_2835 (layer F.Cu) (tedit 5C652239) (tstamp 62AD6343)
    (at 158.89 102 180)
    (descr https://www.luckylight.cn/media/component/data-sheet/R2835BC-B2M-M10.pdf)
    (tags LED)
    (path /62AD6CA7)
    (attr smd)
    (fp_text reference D4 (at 0 -2.4) (layer F.SilkS)
      (effects (font (size 1 1) (thickness 0.15)))
    )
    (fp_text value WHITE (at 0 2.475) (layer F.Fab)
      (effects (font (size 1 1) (thickness 0.15)))
    )
    (fp_line (start -1.05 -1.4) (end -1.75 -0.7) (layer F.Fab) (width 0.1))
    (fp_line (start -2.2 -1.6) (end -2.2 1.6) (layer F.SilkS) (width 0.12))
    (fp_text user %R (at 0 0) (layer F.Fab)
      (effects (font (size 0.9 0.9) (thickness 0.135)))
    )
    (fp_line (start 1.75 1.4) (end -1.75 1.4) (layer F.Fab) (width 0.1))
    (fp_line (start -1.75 1.4) (end -1.75 -0.7) (layer F.Fab) (width 0.1))
    (fp_line (start -1.05 -1.4) (end 1.75 -1.4) (layer F.Fab) (width 0.1))
    (fp_line (start 1.75 -1.4) (end 1.75 1.4) (layer F.Fab) (width 0.1))
    (fp_line (start 1.4 1.6) (end -2.2 1.6) (layer F.SilkS) (width 0.12))
    (fp_line (start 1.4 -1.6) (end -2.2 -1.6) (layer F.SilkS) (width 0.12))
    (fp_line (start 2.25 1.65) (end -2.25 1.65) (layer F.CrtYd) (width 0.05))
    (fp_line (start -2.25 1.65) (end -2.25 -1.65) (layer F.CrtYd) (width 0.05))
    (fp_line (start -2.25 -1.65) (end 2.25 -1.65) (layer F.CrtYd) (width 0.05))
    (fp_line (start 2.25 -1.65) (end 2.25 1.65) (layer F.CrtYd) (width 0.05))
    (pad 2 smd rect (at 1.375 0 180) (size 1.25 2.2) (layers F.Cu F.Paste F.Mask)
      (net 5 "Net-(D4-Pad2)"))
    (pad 1 smd rect (at -0.9 0 180) (size 2.2 2.2) (layers F.Cu F.Paste F.Mask)
      (net 4 "Net-(D3-Pad2)"))
    (model ${KISYS3DMOD}/LED_SMD.3dshapes/LED_PLCC_2835.wrl
      (at (xyz 0 0 0))
      (scale (xyz 1 1 1))
      (rotate (xyz 0 0 0))
    )
  )

  (module Resistor_THT:R_Axial_DIN0204_L3.6mm_D1.6mm_P2.54mm_Vertical (layer F.Cu) (tedit 5AE5139B) (tstamp 62AD6357)
    (at 143.45 88.45)
    (descr "Resistor, Axial_DIN0204 series, Axial, Vertical, pin pitch=2.54mm, 0.167W, length*diameter=3.6*1.6mm^2, http://cdn-reichelt.de/documents/datenblatt/B400/1_4W%23YAG.pdf")
    (tags "Resistor Axial_DIN0204 series Axial Vertical pin pitch 2.54mm 0.167W length 3.6mm diameter 1.6mm")
    (path /62ADCD84)
    (fp_text reference R3 (at 1.27 -1.92) (layer F.SilkS)
      (effects (font (size 1 1) (thickness 0.15)))
    )
    (fp_text value R_Small (at 1.27 1.92) (layer F.Fab)
      (effects (font (size 1 1) (thickness 0.15)))
    )
    (fp_text user %R (at 1.27 -1.92) (layer F.Fab)
      (effects (font (size 1 1) (thickness 0.15)))
    )
    (fp_line (start 3.49 -1.05) (end -1.05 -1.05) (layer F.CrtYd) (width 0.05))
    (fp_line (start 3.49 1.05) (end 3.49 -1.05) (layer F.CrtYd) (width 0.05))
    (fp_line (start -1.05 1.05) (end 3.49 1.05) (layer F.CrtYd) (width 0.05))
    (fp_line (start -1.05 -1.05) (end -1.05 1.05) (layer F.CrtYd) (width 0.05))
    (fp_line (start 0.92 0) (end 1.54 0) (layer F.SilkS) (width 0.12))
    (fp_line (start 0 0) (end 2.54 0) (layer F.Fab) (width 0.1))
    (fp_circle (center 0 0) (end 0.92 0) (layer F.SilkS) (width 0.12))
    (fp_circle (center 0 0) (end 0.8 0) (layer F.Fab) (width 0.1))
    (pad 2 thru_hole oval (at 2.54 0) (size 1.4 1.4) (drill 0.7) (layers *.Cu *.Mask)
      (net 10 "Net-(D9-Pad2)"))
    (pad 1 thru_hole circle (at 0 0) (size 1.4 1.4) (drill 0.7) (layers *.Cu *.Mask)
      (net 12 /BrakesLights))
    (model ${KISYS3DMOD}/Resistor_THT.3dshapes/R_Axial_DIN0204_L3.6mm_D1.6mm_P2.54mm_Vertical.wrl
      (at (xyz 0 0 0))
      (scale (xyz 1 1 1))
      (rotate (xyz 0 0 0))
    )
  )

  (module LED_SMD:LED_PLCC_2835 (layer F.Cu) (tedit 5C652239) (tstamp 62AD62F4)
    (at 150 92 180)
    (descr https://www.luckylight.cn/media/component/data-sheet/R2835BC-B2M-M10.pdf)
    (tags LED)
    (path /62AD5C4B)
    (attr smd)
    (fp_text reference D6 (at 0 -2.4) (layer F.SilkS)
      (effects (font (size 1 1) (thickness 0.15)))
    )
    (fp_text value RED (at 0 2.475) (layer F.Fab)
      (effects (font (size 1 1) (thickness 0.15)))
    )
    (fp_line (start 2.25 -1.65) (end 2.25 1.65) (layer F.CrtYd) (width 0.05))
    (fp_line (start -2.25 -1.65) (end 2.25 -1.65) (layer F.CrtYd) (width 0.05))
    (fp_line (start -2.25 1.65) (end -2.25 -1.65) (layer F.CrtYd) (width 0.05))
    (fp_line (start 2.25 1.65) (end -2.25 1.65) (layer F.CrtYd) (width 0.05))
    (fp_line (start 1.4 -1.6) (end -2.2 -1.6) (layer F.SilkS) (width 0.12))
    (fp_line (start 1.4 1.6) (end -2.2 1.6) (layer F.SilkS) (width 0.12))
    (fp_line (start 1.75 -1.4) (end 1.75 1.4) (layer F.Fab) (width 0.1))
    (fp_line (start -1.05 -1.4) (end 1.75 -1.4) (layer F.Fab) (width 0.1))
    (fp_line (start -1.75 1.4) (end -1.75 -0.7) (layer F.Fab) (width 0.1))
    (fp_line (start 1.75 1.4) (end -1.75 1.4) (layer F.Fab) (width 0.1))
    (fp_text user %R (at 0 0) (layer F.Fab)
      (effects (font (size 0.9 0.9) (thickness 0.135)))
    )
    (fp_line (start -2.2 -1.6) (end -2.2 1.6) (layer F.SilkS) (width 0.12))
    (fp_line (start -1.05 -1.4) (end -1.75 -0.7) (layer F.Fab) (width 0.1))
    (pad 1 smd rect (at -0.9 0 180) (size 2.2 2.2) (layers F.Cu F.Paste F.Mask)
      (net 2 "Net-(D1-Pad2)"))
    (pad 2 smd rect (at 1.375 0 180) (size 1.25 2.2) (layers F.Cu F.Paste F.Mask)
      (net 7 "Net-(D6-Pad2)"))
    (model ${KISYS3DMOD}/LED_SMD.3dshapes/LED_PLCC_2835.wrl
      (at (xyz 0 0 0))
      (scale (xyz 1 1 1))
      (rotate (xyz 0 0 0))
    )
  )

  (module Diode_THT:D_DO-41_SOD81_P2.54mm_Vertical_AnodeUp (layer F.Cu) (tedit 5AE50CD5) (tstamp 62AD6306)
    (at 145.65 95.85 180)
    (descr "Diode, DO-41_SOD81 series, Axial, Vertical, pin pitch=2.54mm, , length*diameter=5.2*2.7mm^2, , http://www.diodes.com/_files/packages/DO-41%20(Plastic).pdf")
    (tags "Diode DO-41_SOD81 series Axial Vertical pin pitch 2.54mm  length 5.2mm diameter 2.7mm")
    (path /62AE2866)
    (fp_text reference D10 (at 1.27 -2.750635) (layer F.SilkS)
      (effects (font (size 1 1) (thickness 0.15)))
    )
    (fp_text value D (at 1.27 3.639635) (layer F.Fab)
      (effects (font (size 1 1) (thickness 0.15)))
    )
    (fp_text user A (at 4.64 0) (layer F.SilkS)
      (effects (font (size 1 1) (thickness 0.15)))
    )
    (fp_text user A (at 4.64 0) (layer F.Fab)
      (effects (font (size 1 1) (thickness 0.15)))
    )
    (fp_text user %R (at 1.27 -2.750635) (layer F.Fab)
      (effects (font (size 1 1) (thickness 0.15)))
    )
    (fp_line (start 3.89 -1.6) (end -1.6 -1.6) (layer F.CrtYd) (width 0.05))
    (fp_line (start 3.89 1.6) (end 3.89 -1.6) (layer F.CrtYd) (width 0.05))
    (fp_line (start -1.6 1.6) (end 3.89 1.6) (layer F.CrtYd) (width 0.05))
    (fp_line (start -1.6 -1.6) (end -1.6 1.6) (layer F.CrtYd) (width 0.05))
    (fp_line (start 0 0) (end 2.54 0) (layer F.Fab) (width 0.1))
    (fp_circle (center 0 0) (end 1.35 0) (layer F.Fab) (width 0.1))
    (fp_arc (start 0 0) (end 1.311153 -1.1) (angle -276.998058) (layer F.SilkS) (width 0.12))
    (pad 2 thru_hole oval (at 2.54 0 180) (size 2.2 2.2) (drill 1.1) (layers *.Cu *.Mask)
      (net 11 "Net-(D10-Pad2)"))
    (pad 1 thru_hole rect (at 0 0 180) (size 2.2 2.2) (drill 1.1) (layers *.Cu *.Mask)
      (net 8 "Net-(D10-Pad1)"))
    (model ${KISYS3DMOD}/Diode_THT.3dshapes/D_DO-41_SOD81_P2.54mm_Vertical_AnodeUp.wrl
      (at (xyz 0 0 0))
      (scale (xyz 1 1 1))
      (rotate (xyz 0 0 0))
    )
  )

  (module LED_SMD:LED_PLCC_2835 (layer F.Cu) (tedit 5C652239) (tstamp 62AD6315)
    (at 150 102 180)
    (descr https://www.luckylight.cn/media/component/data-sheet/R2835BC-B2M-M10.pdf)
    (tags LED)
    (path /62AD7114)
    (attr smd)
    (fp_text reference D8 (at 0 -2.4) (layer F.SilkS)
      (effects (font (size 1 1) (thickness 0.15)))
    )
    (fp_text value WHITE (at 0 2.475) (layer F.Fab)
      (effects (font (size 1 1) (thickness 0.15)))
    )
    (fp_line (start 2.25 -1.65) (end 2.25 1.65) (layer F.CrtYd) (width 0.05))
    (fp_line (start -2.25 -1.65) (end 2.25 -1.65) (layer F.CrtYd) (width 0.05))
    (fp_line (start -2.25 1.65) (end -2.25 -1.65) (layer F.CrtYd) (width 0.05))
    (fp_line (start 2.25 1.65) (end -2.25 1.65) (layer F.CrtYd) (width 0.05))
    (fp_line (start 1.4 -1.6) (end -2.2 -1.6) (layer F.SilkS) (width 0.12))
    (fp_line (start 1.4 1.6) (end -2.2 1.6) (layer F.SilkS) (width 0.12))
    (fp_line (start 1.75 -1.4) (end 1.75 1.4) (layer F.Fab) (width 0.1))
    (fp_line (start -1.05 -1.4) (end 1.75 -1.4) (layer F.Fab) (width 0.1))
    (fp_line (start -1.75 1.4) (end -1.75 -0.7) (layer F.Fab) (width 0.1))
    (fp_line (start 1.75 1.4) (end -1.75 1.4) (layer F.Fab) (width 0.1))
    (fp_text user %R (at 0 0) (layer F.Fab)
      (effects (font (size 0.9 0.9) (thickness 0.135)))
    )
    (fp_line (start -2.2 -1.6) (end -2.2 1.6) (layer F.SilkS) (width 0.12))
    (fp_line (start -1.05 -1.4) (end -1.75 -0.7) (layer F.Fab) (width 0.1))
    (pad 1 smd rect (at -0.9 0 180) (size 2.2 2.2) (layers F.Cu F.Paste F.Mask)
      (net 5 "Net-(D4-Pad2)"))
    (pad 2 smd rect (at 1.375 0 180) (size 1.25 2.2) (layers F.Cu F.Paste F.Mask)
      (net 9 "Net-(D8-Pad2)"))
    (model ${KISYS3DMOD}/LED_SMD.3dshapes/LED_PLCC_2835.wrl
      (at (xyz 0 0 0))
      (scale (xyz 1 1 1))
      (rotate (xyz 0 0 0))
    )
  )

  (module LED_SMD:LED_PLCC_2835 (layer F.Cu) (tedit 5C652239) (tstamp 62AD62D7)
    (at 159 97 180)
    (descr https://www.luckylight.cn/media/component/data-sheet/R2835BC-B2M-M10.pdf)
    (tags LED)
    (path /62AD66EF)
    (attr smd)
    (fp_text reference D3 (at 0 -2.4) (layer F.SilkS)
      (effects (font (size 1 1) (thickness 0.15)))
    )
    (fp_text value WHITE (at 0 2.475) (layer F.Fab)
      (effects (font (size 1 1) (thickness 0.15)))
    )
    (fp_line (start 2.25 -1.65) (end 2.25 1.65) (layer F.CrtYd) (width 0.05))
    (fp_line (start -2.25 -1.65) (end 2.25 -1.65) (layer F.CrtYd) (width 0.05))
    (fp_line (start -2.25 1.65) (end -2.25 -1.65) (layer F.CrtYd) (width 0.05))
    (fp_line (start 2.25 1.65) (end -2.25 1.65) (layer F.CrtYd) (width 0.05))
    (fp_line (start 1.4 -1.6) (end -2.2 -1.6) (layer F.SilkS) (width 0.12))
    (fp_line (start 1.4 1.6) (end -2.2 1.6) (layer F.SilkS) (width 0.12))
    (fp_line (start 1.75 -1.4) (end 1.75 1.4) (layer F.Fab) (width 0.1))
    (fp_line (start -1.05 -1.4) (end 1.75 -1.4) (layer F.Fab) (width 0.1))
    (fp_line (start -1.75 1.4) (end -1.75 -0.7) (layer F.Fab) (width 0.1))
    (fp_line (start 1.75 1.4) (end -1.75 1.4) (layer F.Fab) (width 0.1))
    (fp_text user %R (at 0 0) (layer F.Fab)
      (effects (font (size 0.9 0.9) (thickness 0.135)))
    )
    (fp_line (start -2.2 -1.6) (end -2.2 1.6) (layer F.SilkS) (width 0.12))
    (fp_line (start -1.05 -1.4) (end -1.75 -0.7) (layer F.Fab) (width 0.1))
    (pad 1 smd rect (at -0.9 0 180) (size 2.2 2.2) (layers F.Cu F.Paste F.Mask)
      (net 1 GND))
    (pad 2 smd rect (at 1.375 0 180) (size 1.25 2.2) (layers F.Cu F.Paste F.Mask)
      (net 4 "Net-(D3-Pad2)"))
    (model ${KISYS3DMOD}/LED_SMD.3dshapes/LED_PLCC_2835.wrl
      (at (xyz 0 0 0))
      (scale (xyz 1 1 1))
      (rotate (xyz 0 0 0))
    )
  )

  (module LED_SMD:LED_PLCC_2835 (layer F.Cu) (tedit 5C652239) (tstamp 62AD62C5)
    (at 159 92 180)
    (descr https://www.luckylight.cn/media/component/data-sheet/R2835BC-B2M-M10.pdf)
    (tags LED)
    (path /62AD53F5)
    (attr smd)
    (fp_text reference D2 (at 0 -2.4) (layer F.SilkS)
      (effects (font (size 1 1) (thickness 0.15)))
    )
    (fp_text value RED (at 0 2.475) (layer F.Fab)
      (effects (font (size 1 1) (thickness 0.15)))
    )
    (fp_line (start -1.05 -1.4) (end -1.75 -0.7) (layer F.Fab) (width 0.1))
    (fp_line (start -2.2 -1.6) (end -2.2 1.6) (layer F.SilkS) (width 0.12))
    (fp_text user %R (at 0 0) (layer F.Fab)
      (effects (font (size 0.9 0.9) (thickness 0.135)))
    )
    (fp_line (start 1.75 1.4) (end -1.75 1.4) (layer F.Fab) (width 0.1))
    (fp_line (start -1.75 1.4) (end -1.75 -0.7) (layer F.Fab) (width 0.1))
    (fp_line (start -1.05 -1.4) (end 1.75 -1.4) (layer F.Fab) (width 0.1))
    (fp_line (start 1.75 -1.4) (end 1.75 1.4) (layer F.Fab) (width 0.1))
    (fp_line (start 1.4 1.6) (end -2.2 1.6) (layer F.SilkS) (width 0.12))
    (fp_line (start 1.4 -1.6) (end -2.2 -1.6) (layer F.SilkS) (width 0.12))
    (fp_line (start 2.25 1.65) (end -2.25 1.65) (layer F.CrtYd) (width 0.05))
    (fp_line (start -2.25 1.65) (end -2.25 -1.65) (layer F.CrtYd) (width 0.05))
    (fp_line (start -2.25 -1.65) (end 2.25 -1.65) (layer F.CrtYd) (width 0.05))
    (fp_line (start 2.25 -1.65) (end 2.25 1.65) (layer F.CrtYd) (width 0.05))
    (pad 2 smd rect (at 1.375 0 180) (size 1.25 2.2) (layers F.Cu F.Paste F.Mask)
      (net 3 "Net-(D2-Pad2)"))
    (pad 1 smd rect (at -0.9 0 180) (size 2.2 2.2) (layers F.Cu F.Paste F.Mask)
      (net 1 GND))
    (model ${KISYS3DMOD}/LED_SMD.3dshapes/LED_PLCC_2835.wrl
      (at (xyz 0 0 0))
      (scale (xyz 1 1 1))
      (rotate (xyz 0 0 0))
    )
  )

  (module Resistor_THT:R_Axial_DIN0204_L3.6mm_D1.6mm_P2.54mm_Vertical (layer F.Cu) (tedit 5AE5139B) (tstamp 62AD6273)
    (at 143.55 99.9)
    (descr "Resistor, Axial_DIN0204 series, Axial, Vertical, pin pitch=2.54mm, 0.167W, length*diameter=3.6*1.6mm^2, http://cdn-reichelt.de/documents/datenblatt/B400/1_4W%23YAG.pdf")
    (tags "Resistor Axial_DIN0204 series Axial Vertical pin pitch 2.54mm 0.167W length 3.6mm diameter 1.6mm")
    (path /62AE9447)
    (fp_text reference R2 (at 1.27 -1.92) (layer F.SilkS)
      (effects (font (size 1 1) (thickness 0.15)))
    )
    (fp_text value R_Small (at 1.27 1.92) (layer F.Fab)
      (effects (font (size 1 1) (thickness 0.15)))
    )
    (fp_circle (center 0 0) (end 0.8 0) (layer F.Fab) (width 0.1))
    (fp_circle (center 0 0) (end 0.92 0) (layer F.SilkS) (width 0.12))
    (fp_line (start 0 0) (end 2.54 0) (layer F.Fab) (width 0.1))
    (fp_line (start 0.92 0) (end 1.54 0) (layer F.SilkS) (width 0.12))
    (fp_line (start -1.05 -1.05) (end -1.05 1.05) (layer F.CrtYd) (width 0.05))
    (fp_line (start -1.05 1.05) (end 3.49 1.05) (layer F.CrtYd) (width 0.05))
    (fp_line (start 3.49 1.05) (end 3.49 -1.05) (layer F.CrtYd) (width 0.05))
    (fp_line (start 3.49 -1.05) (end -1.05 -1.05) (layer F.CrtYd) (width 0.05))
    (fp_text user %R (at 1.27 -1.92) (layer F.Fab)
      (effects (font (size 1 1) (thickness 0.15)))
    )
    (pad 1 thru_hole circle (at 0 0) (size 1.4 1.4) (drill 0.7) (layers *.Cu *.Mask)
      (net 13 /ParkerLights))
    (pad 2 thru_hole oval (at 2.54 0) (size 1.4 1.4) (drill 0.7) (layers *.Cu *.Mask)
      (net 11 "Net-(D10-Pad2)"))
    (model ${KISYS3DMOD}/Resistor_THT.3dshapes/R_Axial_DIN0204_L3.6mm_D1.6mm_P2.54mm_Vertical.wrl
      (at (xyz 0 0 0))
      (scale (xyz 1 1 1))
      (rotate (xyz 0 0 0))
    )
  )

  (module Diode_THT:D_DO-41_SOD81_P2.54mm_Vertical_AnodeUp (layer F.Cu) (tedit 5AE50CD5) (tstamp 62AD6232)
    (at 145.55 92.2 180)
    (descr "Diode, DO-41_SOD81 series, Axial, Vertical, pin pitch=2.54mm, , length*diameter=5.2*2.7mm^2, , http://www.diodes.com/_files/packages/DO-41%20(Plastic).pdf")
    (tags "Diode DO-41_SOD81 series Axial Vertical pin pitch 2.54mm  length 5.2mm diameter 2.7mm")
    (path /62AF5F40)
    (fp_text reference D9 (at 1.27 -2.750635) (layer F.SilkS)
      (effects (font (size 1 1) (thickness 0.15)))
    )
    (fp_text value D (at 1.27 3.639635) (layer F.Fab)
      (effects (font (size 1 1) (thickness 0.15)))
    )
    (fp_arc (start 0 0) (end 1.311153 -1.1) (angle -276.998058) (layer F.SilkS) (width 0.12))
    (fp_circle (center 0 0) (end 1.35 0) (layer F.Fab) (width 0.1))
    (fp_line (start 0 0) (end 2.54 0) (layer F.Fab) (width 0.1))
    (fp_line (start -1.6 -1.6) (end -1.6 1.6) (layer F.CrtYd) (width 0.05))
    (fp_line (start -1.6 1.6) (end 3.89 1.6) (layer F.CrtYd) (width 0.05))
    (fp_line (start 3.89 1.6) (end 3.89 -1.6) (layer F.CrtYd) (width 0.05))
    (fp_line (start 3.89 -1.6) (end -1.6 -1.6) (layer F.CrtYd) (width 0.05))
    (fp_text user %R (at 1.27 -2.750635) (layer F.Fab)
      (effects (font (size 1 1) (thickness 0.15)))
    )
    (fp_text user A (at 4.64 0) (layer F.Fab)
      (effects (font (size 1 1) (thickness 0.15)))
    )
    (fp_text user A (at 4.64 0) (layer F.SilkS)
      (effects (font (size 1 1) (thickness 0.15)))
    )
    (pad 1 thru_hole rect (at 0 0 180) (size 2.2 2.2) (drill 1.1) (layers *.Cu *.Mask)
      (net 8 "Net-(D10-Pad1)"))
    (pad 2 thru_hole oval (at 2.54 0 180) (size 2.2 2.2) (drill 1.1) (layers *.Cu *.Mask)
      (net 10 "Net-(D9-Pad2)"))
    (model ${KISYS3DMOD}/Diode_THT.3dshapes/D_DO-41_SOD81_P2.54mm_Vertical_AnodeUp.wrl
      (at (xyz 0 0 0))
      (scale (xyz 1 1 1))
      (rotate (xyz 0 0 0))
    )
  )

  (module Connector_PinHeader_2.54mm:PinHeader_1x03_P2.54mm_Vertical (layer F.Cu) (tedit 59FED5CC) (tstamp 62AD6253)
    (at 139.5 89.2)
    (descr "Through hole straight pin header, 1x03, 2.54mm pitch, single row")
    (tags "Through hole pin header THT 1x03 2.54mm single row")
    (path /62B0CF83)
    (fp_text reference J1 (at 0 -2.33) (layer F.SilkS)
      (effects (font (size 1 1) (thickness 0.15)))
    )
    (fp_text value "Gnd Brakes Parkers" (at 0 7.41) (layer F.Fab)
      (effects (font (size 1 1) (thickness 0.15)))
    )
    (fp_text user %R (at 0 2.54 90) (layer F.Fab)
      (effects (font (size 1 1) (thickness 0.15)))
    )
    (fp_line (start 1.8 -1.8) (end -1.8 -1.8) (layer F.CrtYd) (width 0.05))
    (fp_line (start 1.8 6.85) (end 1.8 -1.8) (layer F.CrtYd) (width 0.05))
    (fp_line (start -1.8 6.85) (end 1.8 6.85) (layer F.CrtYd) (width 0.05))
    (fp_line (start -1.8 -1.8) (end -1.8 6.85) (layer F.CrtYd) (width 0.05))
    (fp_line (start -1.33 -1.33) (end 0 -1.33) (layer F.SilkS) (width 0.12))
    (fp_line (start -1.33 0) (end -1.33 -1.33) (layer F.SilkS) (width 0.12))
    (fp_line (start -1.33 1.27) (end 1.33 1.27) (layer F.SilkS) (width 0.12))
    (fp_line (start 1.33 1.27) (end 1.33 6.41) (layer F.SilkS) (width 0.12))
    (fp_line (start -1.33 1.27) (end -1.33 6.41) (layer F.SilkS) (width 0.12))
    (fp_line (start -1.33 6.41) (end 1.33 6.41) (layer F.SilkS) (width 0.12))
    (fp_line (start -1.27 -0.635) (end -0.635 -1.27) (layer F.Fab) (width 0.1))
    (fp_line (start -1.27 6.35) (end -1.27 -0.635) (layer F.Fab) (width 0.1))
    (fp_line (start 1.27 6.35) (end -1.27 6.35) (layer F.Fab) (width 0.1))
    (fp_line (start 1.27 -1.27) (end 1.27 6.35) (layer F.Fab) (width 0.1))
    (fp_line (start -0.635 -1.27) (end 1.27 -1.27) (layer F.Fab) (width 0.1))
    (pad 3 thru_hole oval (at 0 5.08) (size 1.7 1.7) (drill 1) (layers *.Cu *.Mask)
      (net 13 /ParkerLights))
    (pad 2 thru_hole oval (at 0 2.54) (size 1.7 1.7) (drill 1) (layers *.Cu *.Mask)
      (net 12 /BrakesLights))
    (pad 1 thru_hole rect (at 0 0) (size 1.7 1.7) (drill 1) (layers *.Cu *.Mask)
      (net 1 GND))
    (model ${KISYS3DMOD}/Connector_PinHeader_2.54mm.3dshapes/PinHeader_1x03_P2.54mm_Vertical.wrl
      (at (xyz 0 0 0))
      (scale (xyz 1 1 1))
      (rotate (xyz 0 0 0))
    )
  )

  (module LED_SMD:LED_PLCC_2835 (layer F.Cu) (tedit 5C652239) (tstamp 62AD6328)
    (at 150 87 180)
    (descr https://www.luckylight.cn/media/component/data-sheet/R2835BC-B2M-M10.pdf)
    (tags LED)
    (path /62AD4DE3)
    (attr smd)
    (fp_text reference D5 (at 0 -2.4) (layer F.SilkS)
      (effects (font (size 1 1) (thickness 0.15)))
    )
    (fp_text value RED (at 0 2.475) (layer F.Fab)
      (effects (font (size 1 1) (thickness 0.15)))
    )
    (fp_line (start 2.25 -1.65) (end 2.25 1.65) (layer F.CrtYd) (width 0.05))
    (fp_line (start -2.25 -1.65) (end 2.25 -1.65) (layer F.CrtYd) (width 0.05))
    (fp_line (start -2.25 1.65) (end -2.25 -1.65) (layer F.CrtYd) (width 0.05))
    (fp_line (start 2.25 1.65) (end -2.25 1.65) (layer F.CrtYd) (width 0.05))
    (fp_line (start 1.4 -1.6) (end -2.2 -1.6) (layer F.SilkS) (width 0.12))
    (fp_line (start 1.4 1.6) (end -2.2 1.6) (layer F.SilkS) (width 0.12))
    (fp_line (start 1.75 -1.4) (end 1.75 1.4) (layer F.Fab) (width 0.1))
    (fp_line (start -1.05 -1.4) (end 1.75 -1.4) (layer F.Fab) (width 0.1))
    (fp_line (start -1.75 1.4) (end -1.75 -0.7) (layer F.Fab) (width 0.1))
    (fp_line (start 1.75 1.4) (end -1.75 1.4) (layer F.Fab) (width 0.1))
    (fp_text user %R (at 0 0) (layer F.Fab)
      (effects (font (size 0.9 0.9) (thickness 0.135)))
    )
    (fp_line (start -2.2 -1.6) (end -2.2 1.6) (layer F.SilkS) (width 0.12))
    (fp_line (start -1.05 -1.4) (end -1.75 -0.7) (layer F.Fab) (width 0.1))
    (pad 1 smd rect (at -0.9 0 180) (size 2.2 2.2) (layers F.Cu F.Paste F.Mask)
      (net 3 "Net-(D2-Pad2)"))
    (pad 2 smd rect (at 1.375 0 180) (size 1.25 2.2) (layers F.Cu F.Paste F.Mask)
      (net 6 "Net-(D5-Pad2)"))
    (model ${KISYS3DMOD}/LED_SMD.3dshapes/LED_PLCC_2835.wrl
      (at (xyz 0 0 0))
      (scale (xyz 1 1 1))
      (rotate (xyz 0 0 0))
    )
  )

  (module Resistor_THT:R_Axial_DIN0204_L3.6mm_D1.6mm_P2.54mm_Vertical (layer F.Cu) (tedit 5AE5139B) (tstamp 62AD62B6)
    (at 143.5 102.2)
    (descr "Resistor, Axial_DIN0204 series, Axial, Vertical, pin pitch=2.54mm, 0.167W, length*diameter=3.6*1.6mm^2, http://cdn-reichelt.de/documents/datenblatt/B400/1_4W%23YAG.pdf")
    (tags "Resistor Axial_DIN0204 series Axial Vertical pin pitch 2.54mm 0.167W length 3.6mm diameter 1.6mm")
    (path /62AE9915)
    (fp_text reference R4 (at 1.27 -1.92) (layer F.SilkS)
      (effects (font (size 1 1) (thickness 0.15)))
    )
    (fp_text value R_Small (at 1.27 1.92) (layer F.Fab)
      (effects (font (size 1 1) (thickness 0.15)))
    )
    (fp_text user %R (at 1.27 -1.92) (layer F.Fab)
      (effects (font (size 1 1) (thickness 0.15)))
    )
    (fp_line (start 3.49 -1.05) (end -1.05 -1.05) (layer F.CrtYd) (width 0.05))
    (fp_line (start 3.49 1.05) (end 3.49 -1.05) (layer F.CrtYd) (width 0.05))
    (fp_line (start -1.05 1.05) (end 3.49 1.05) (layer F.CrtYd) (width 0.05))
    (fp_line (start -1.05 -1.05) (end -1.05 1.05) (layer F.CrtYd) (width 0.05))
    (fp_line (start 0.92 0) (end 1.54 0) (layer F.SilkS) (width 0.12))
    (fp_line (start 0 0) (end 2.54 0) (layer F.Fab) (width 0.1))
    (fp_circle (center 0 0) (end 0.92 0) (layer F.SilkS) (width 0.12))
    (fp_circle (center 0 0) (end 0.8 0) (layer F.Fab) (width 0.1))
    (pad 2 thru_hole oval (at 2.54 0) (size 1.4 1.4) (drill 0.7) (layers *.Cu *.Mask)
      (net 9 "Net-(D8-Pad2)"))
    (pad 1 thru_hole circle (at 0 0) (size 1.4 1.4) (drill 0.7) (layers *.Cu *.Mask)
      (net 13 /ParkerLights))
    (model ${KISYS3DMOD}/Resistor_THT.3dshapes/R_Axial_DIN0204_L3.6mm_D1.6mm_P2.54mm_Vertical.wrl
      (at (xyz 0 0 0))
      (scale (xyz 1 1 1))
      (rotate (xyz 0 0 0))
    )
  )

  (module LED_SMD:LED_PLCC_2835 (layer F.Cu) (tedit 5C652239) (tstamp 62AD6839)
    (at 159 87 180)
    (descr https://www.luckylight.cn/media/component/data-sheet/R2835BC-B2M-M10.pdf)
    (tags LED)
    (path /62AD4394)
    (attr smd)
    (fp_text reference D1 (at 0 -2.4) (layer F.SilkS)
      (effects (font (size 1 1) (thickness 0.15)))
    )
    (fp_text value RED (at 0 2.475) (layer F.Fab)
      (effects (font (size 1 1) (thickness 0.15)))
    )
    (fp_line (start -1.05 -1.4) (end -1.75 -0.7) (layer F.Fab) (width 0.1))
    (fp_line (start -2.2 -1.6) (end -2.2 1.6) (layer F.SilkS) (width 0.12))
    (fp_text user %R (at 0 0) (layer F.Fab)
      (effects (font (size 0.9 0.9) (thickness 0.135)))
    )
    (fp_line (start 1.75 1.4) (end -1.75 1.4) (layer F.Fab) (width 0.1))
    (fp_line (start -1.75 1.4) (end -1.75 -0.7) (layer F.Fab) (width 0.1))
    (fp_line (start -1.05 -1.4) (end 1.75 -1.4) (layer F.Fab) (width 0.1))
    (fp_line (start 1.75 -1.4) (end 1.75 1.4) (layer F.Fab) (width 0.1))
    (fp_line (start 1.4 1.6) (end -2.2 1.6) (layer F.SilkS) (width 0.12))
    (fp_line (start 1.4 -1.6) (end -2.2 -1.6) (layer F.SilkS) (width 0.12))
    (fp_line (start 2.25 1.65) (end -2.25 1.65) (layer F.CrtYd) (width 0.05))
    (fp_line (start -2.25 1.65) (end -2.25 -1.65) (layer F.CrtYd) (width 0.05))
    (fp_line (start -2.25 -1.65) (end 2.25 -1.65) (layer F.CrtYd) (width 0.05))
    (fp_line (start 2.25 -1.65) (end 2.25 1.65) (layer F.CrtYd) (width 0.05))
    (pad 2 smd rect (at 1.375 0 180) (size 1.25 2.2) (layers F.Cu F.Paste F.Mask)
      (net 2 "Net-(D1-Pad2)"))
    (pad 1 smd rect (at -0.9 0 180) (size 2.2 2.2) (layers F.Cu F.Paste F.Mask)
      (net 1 GND))
    (model ${KISYS3DMOD}/LED_SMD.3dshapes/LED_PLCC_2835.wrl
      (at (xyz 0 0 0))
      (scale (xyz 1 1 1))
      (rotate (xyz 0 0 0))
    )
  )

  (module Resistor_THT:R_Axial_DIN0204_L3.6mm_D1.6mm_P2.54mm_Vertical (layer F.Cu) (tedit 5AE5139B) (tstamp 62AD6245)
    (at 143.5 86.2)
    (descr "Resistor, Axial_DIN0204 series, Axial, Vertical, pin pitch=2.54mm, 0.167W, length*diameter=3.6*1.6mm^2, http://cdn-reichelt.de/documents/datenblatt/B400/1_4W%23YAG.pdf")
    (tags "Resistor Axial_DIN0204 series Axial Vertical pin pitch 2.54mm 0.167W length 3.6mm diameter 1.6mm")
    (path /62AECB27)
    (fp_text reference R1 (at 1.27 -1.92) (layer F.SilkS)
      (effects (font (size 1 1) (thickness 0.15)))
    )
    (fp_text value R_Small (at 1.27 1.92) (layer F.Fab)
      (effects (font (size 1 1) (thickness 0.15)))
    )
    (fp_circle (center 0 0) (end 0.8 0) (layer F.Fab) (width 0.1))
    (fp_circle (center 0 0) (end 0.92 0) (layer F.SilkS) (width 0.12))
    (fp_line (start 0 0) (end 2.54 0) (layer F.Fab) (width 0.1))
    (fp_line (start 0.92 0) (end 1.54 0) (layer F.SilkS) (width 0.12))
    (fp_line (start -1.05 -1.05) (end -1.05 1.05) (layer F.CrtYd) (width 0.05))
    (fp_line (start -1.05 1.05) (end 3.49 1.05) (layer F.CrtYd) (width 0.05))
    (fp_line (start 3.49 1.05) (end 3.49 -1.05) (layer F.CrtYd) (width 0.05))
    (fp_line (start 3.49 -1.05) (end -1.05 -1.05) (layer F.CrtYd) (width 0.05))
    (fp_text user %R (at 1.27 -1.92) (layer F.Fab)
      (effects (font (size 1 1) (thickness 0.15)))
    )
    (pad 1 thru_hole circle (at 0 0) (size 1.4 1.4) (drill 0.7) (layers *.Cu *.Mask)
      (net 12 /BrakesLights))
    (pad 2 thru_hole oval (at 2.54 0) (size 1.4 1.4) (drill 0.7) (layers *.Cu *.Mask)
      (net 6 "Net-(D5-Pad2)"))
    (model ${KISYS3DMOD}/Resistor_THT.3dshapes/R_Axial_DIN0204_L3.6mm_D1.6mm_P2.54mm_Vertical.wrl
      (at (xyz 0 0 0))
      (scale (xyz 1 1 1))
      (rotate (xyz 0 0 0))
    )
  )

  (module LED_SMD:LED_PLCC_2835 (layer F.Cu) (tedit 5C652239) (tstamp 62AD628C)
    (at 150 97 180)
    (descr https://www.luckylight.cn/media/component/data-sheet/R2835BC-B2M-M10.pdf)
    (tags LED)
    (path /62AD6193)
    (attr smd)
    (fp_text reference D7 (at 0 -2.4) (layer F.SilkS)
      (effects (font (size 1 1) (thickness 0.15)))
    )
    (fp_text value RED (at 0 2.475) (layer F.Fab)
      (effects (font (size 1 1) (thickness 0.15)))
    )
    (fp_line (start -1.05 -1.4) (end -1.75 -0.7) (layer F.Fab) (width 0.1))
    (fp_line (start -2.2 -1.6) (end -2.2 1.6) (layer F.SilkS) (width 0.12))
    (fp_text user %R (at 0 0) (layer F.Fab)
      (effects (font (size 0.9 0.9) (thickness 0.135)))
    )
    (fp_line (start 1.75 1.4) (end -1.75 1.4) (layer F.Fab) (width 0.1))
    (fp_line (start -1.75 1.4) (end -1.75 -0.7) (layer F.Fab) (width 0.1))
    (fp_line (start -1.05 -1.4) (end 1.75 -1.4) (layer F.Fab) (width 0.1))
    (fp_line (start 1.75 -1.4) (end 1.75 1.4) (layer F.Fab) (width 0.1))
    (fp_line (start 1.4 1.6) (end -2.2 1.6) (layer F.SilkS) (width 0.12))
    (fp_line (start 1.4 -1.6) (end -2.2 -1.6) (layer F.SilkS) (width 0.12))
    (fp_line (start 2.25 1.65) (end -2.25 1.65) (layer F.CrtYd) (width 0.05))
    (fp_line (start -2.25 1.65) (end -2.25 -1.65) (layer F.CrtYd) (width 0.05))
    (fp_line (start -2.25 -1.65) (end 2.25 -1.65) (layer F.CrtYd) (width 0.05))
    (fp_line (start 2.25 -1.65) (end 2.25 1.65) (layer F.CrtYd) (width 0.05))
    (pad 2 smd rect (at 1.375 0 180) (size 1.25 2.2) (layers F.Cu F.Paste F.Mask)
      (net 8 "Net-(D10-Pad1)"))
    (pad 1 smd rect (at -0.9 0 180) (size 2.2 2.2) (layers F.Cu F.Paste F.Mask)
      (net 7 "Net-(D6-Pad2)"))
    (model ${KISYS3DMOD}/LED_SMD.3dshapes/LED_PLCC_2835.wrl
      (at (xyz 0 0 0))
      (scale (xyz 1 1 1))
      (rotate (xyz 0 0 0))
    )
  )

  (segment (start 159.9 97) (end 159.9 87) (width 0.8) (layer F.Cu) (net 1))
  (segment (start 152.8 92) (end 150.9 92) (width 0.8) (layer F.Cu) (net 2))
  (segment (start 154.525 92) (end 152.8 92) (width 0.8) (layer F.Cu) (net 2))
  (segment (start 157.625 88.9) (end 154.525 92) (width 0.8) (layer F.Cu) (net 2))
  (segment (start 157.625 87) (end 157.625 88.9) (width 0.8) (layer F.Cu) (net 2))
  (segment (start 157.625 92.475) (end 156.1 94) (width 0.8) (layer F.Cu) (net 3))
  (segment (start 157.625 92) (end 157.625 92.475) (width 0.8) (layer F.Cu) (net 3))
  (segment (start 156.1 94) (end 154.5 94) (width 0.8) (layer F.Cu) (net 3))
  (segment (start 154.5 94) (end 154 94) (width 0.8) (layer F.Cu) (net 3))
  (segment (start 152.8 87) (end 153.85 88.05) (width 0.8) (layer F.Cu) (net 3))
  (segment (start 150.9 87) (end 152.8 87) (width 0.8) (layer F.Cu) (net 3))
  (segment (start 153.85 88.05) (end 153.85 90.1) (width 0.8) (layer F.Cu) (net 3))
  (segment (start 157.625 98.9) (end 157.625 97) (width 0.8) (layer F.Cu) (net 4))
  (segment (start 159.79 101.065) (end 157.625 98.9) (width 0.8) (layer F.Cu) (net 4))
  (segment (start 159.79 102) (end 159.79 101.065) (width 0.8) (layer F.Cu) (net 4))
  (segment (start 150.9 102) (end 157.515 102) (width 0.8) (layer F.Cu) (net 5))
  (segment (start 147.825 86.2) (end 148.625 87) (width 0.8) (layer F.Cu) (net 6))
  (segment (start 146.04 86.2) (end 147.825 86.2) (width 0.8) (layer F.Cu) (net 6))
  (segment (start 150.9 96.175) (end 150.9 97) (width 0.8) (layer F.Cu) (net 7))
  (segment (start 148.625 93.9) (end 150.9 96.175) (width 0.8) (layer F.Cu) (net 7))
  (segment (start 148.625 92) (end 148.625 93.9) (width 0.8) (layer F.Cu) (net 7))
  (segment (start 145.5 95.75) (end 145.6 95.85) (width 0.8) (layer F.Cu) (net 8))
  (segment (start 145.5 92.2) (end 145.5 95.75) (width 0.8) (layer F.Cu) (net 8))
  (segment (start 147.475 95.85) (end 148.625 97) (width 0.8) (layer F.Cu) (net 8))
  (segment (start 145.65 95.85) (end 147.475 95.85) (width 0.8) (layer F.Cu) (net 8))
  (segment (start 148.425 102.2) (end 148.625 102) (width 0.8) (layer F.Cu) (net 9))
  (segment (start 146.04 102.2) (end 148.425 102.2) (width 0.8) (layer F.Cu) (net 9))
  (segment (start 142.96 90.778492) (end 143.688491 90.050001) (width 0.8) (layer F.Cu) (net 10))
  (segment (start 143.688491 90.050001) (end 144.389999 90.050001) (width 0.8) (layer F.Cu) (net 10))
  (segment (start 142.96 92.2) (end 142.96 90.778492) (width 0.8) (layer F.Cu) (net 10))
  (segment (start 144.389999 90.050001) (end 145.290001 89.149999) (width 0.8) (layer F.Cu) (net 10))
  (segment (start 145.290001 89.149999) (end 145.99 88.45) (width 0.8) (layer F.Cu) (net 10))
  (segment (start 143.06 96.87) (end 143.06 95.85) (width 0.8) (layer F.Cu) (net 11))
  (segment (start 146.09 99.9) (end 143.06 96.87) (width 0.8) (layer F.Cu) (net 11))
  (segment (start 139.970051 91.74) (end 139.5 91.74) (width 0.8) (layer F.Cu) (net 12))
  (segment (start 143.45 86.25) (end 143.5 86.2) (width 0.8) (layer F.Cu) (net 12))
  (segment (start 143.45 88.45) (end 143.45 86.25) (width 0.8) (layer F.Cu) (net 12))
  (segment (start 140.16 91.74) (end 143.45 88.45) (width 0.8) (layer F.Cu) (net 12))
  (segment (start 139.5 91.74) (end 140.16 91.74) (width 0.8) (layer F.Cu) (net 12))
  (segment (start 140.349999 95.129999) (end 140.349999 97.039948) (width 0.8) (layer F.Cu) (net 13))
  (segment (start 139.5 94.28) (end 140.349999 95.129999) (width 0.8) (layer F.Cu) (net 13))
  (segment (start 140.689948 97.039948) (end 143.55 99.9) (width 0.8) (layer F.Cu) (net 13))
  (segment (start 140.349999 97.039948) (end 140.689948 97.039948) (width 0.8) (layer F.Cu) (net 13))
  (segment (start 143.5 99.95) (end 143.55 99.9) (width 0.8) (layer F.Cu) (net 13))
  (segment (start 143.5 102.2) (end 143.5 99.95) (width 0.8) (layer F.Cu) (net 13))

  (zone (net 1) (net_name GND) (layer F.Cu) (tstamp 0) (hatch edge 0.508)
    (connect_pads (clearance 0.508))
    (min_thickness 0.254)
    (fill yes (arc_segments 32) (thermal_gap 0.508) (thermal_bridge_width 0.508))
    (polygon
      (pts
        (xy 162 105.8) (xy 136.95 105.8) (xy 136.9 82.65) (xy 162 82.65)
      )
    )
    (filled_polygon
      (pts
        (xy 161.873 105.673) (xy 137.076726 105.673) (xy 137.042984 90.05) (xy 138.011928 90.05) (xy 138.024188 90.174482)
        (xy 138.060498 90.29418) (xy 138.119463 90.404494) (xy 138.198815 90.501185) (xy 138.295506 90.580537) (xy 138.40582 90.639502)
        (xy 138.47838 90.661513) (xy 138.346525 90.793368) (xy 138.18401 91.036589) (xy 138.072068 91.306842) (xy 138.015 91.59374)
        (xy 138.015 91.88626) (xy 138.072068 92.173158) (xy 138.18401 92.443411) (xy 138.346525 92.686632) (xy 138.553368 92.893475)
        (xy 138.72776 93.01) (xy 138.553368 93.126525) (xy 138.346525 93.333368) (xy 138.18401 93.576589) (xy 138.072068 93.846842)
        (xy 138.015 94.13374) (xy 138.015 94.42626) (xy 138.072068 94.713158) (xy 138.18401 94.983411) (xy 138.346525 95.226632)
        (xy 138.553368 95.433475) (xy 138.796589 95.59599) (xy 139.066842 95.707932) (xy 139.314999 95.757294) (xy 139.315 96.9891)
        (xy 139.309992 97.039948) (xy 139.329975 97.242843) (xy 139.389158 97.437941) (xy 139.485265 97.617745) (xy 139.614603 97.775344)
        (xy 139.772202 97.904682) (xy 139.952006 98.000789) (xy 140.147104 98.059972) (xy 140.257095 98.070805) (xy 142.215 100.028711)
        (xy 142.215 100.031486) (xy 142.266304 100.289405) (xy 142.366939 100.532359) (xy 142.465001 100.67912) (xy 142.465 101.347025)
        (xy 142.463038 101.348987) (xy 142.316939 101.567641) (xy 142.216304 101.810595) (xy 142.165 102.068514) (xy 142.165 102.331486)
        (xy 142.216304 102.589405) (xy 142.316939 102.832359) (xy 142.463038 103.051013) (xy 142.648987 103.236962) (xy 142.867641 103.383061)
        (xy 143.110595 103.483696) (xy 143.368514 103.535) (xy 143.631486 103.535) (xy 143.889405 103.483696) (xy 144.132359 103.383061)
        (xy 144.351013 103.236962) (xy 144.536962 103.051013) (xy 144.683061 102.832359) (xy 144.77 102.62247) (xy 144.856939 102.832359)
        (xy 145.003038 103.051013) (xy 145.188987 103.236962) (xy 145.407641 103.383061) (xy 145.650595 103.483696) (xy 145.908514 103.535)
        (xy 146.171486 103.535) (xy 146.429405 103.483696) (xy 146.672359 103.383061) (xy 146.891013 103.236962) (xy 146.892975 103.235)
        (xy 147.377379 103.235) (xy 147.410498 103.34418) (xy 147.469463 103.454494) (xy 147.548815 103.551185) (xy 147.645506 103.630537)
        (xy 147.75582 103.689502) (xy 147.875518 103.725812) (xy 148 103.738072) (xy 149.25 103.738072) (xy 149.374482 103.725812)
        (xy 149.49418 103.689502) (xy 149.525 103.673028) (xy 149.55582 103.689502) (xy 149.675518 103.725812) (xy 149.8 103.738072)
        (xy 152 103.738072) (xy 152.124482 103.725812) (xy 152.24418 103.689502) (xy 152.354494 103.630537) (xy 152.451185 103.551185)
        (xy 152.530537 103.454494) (xy 152.589502 103.34418) (xy 152.625812 103.224482) (xy 152.638072 103.1) (xy 152.638072 103.035)
